 tetramer_frequency <- c("0.000-0.001", "0.0011-0.0020", "0.0021-0.0030", "0.0031-0.0040",
                        "0.0041-0.0050", "0.0051-0.0060", "0.0061-0.0070", "0.0071-0.0080",
                        "0.0081-0.0090", "0.0091-0.0100")
sarscov2 <- c(0.0093979933110,0.00638795986,0.006856187,0.00819397993,0.00856187290,0.003846153846,0.001505016722,0.00665551839,0.006989966555,0.003177257,0.00401337792,0.0052173913,0.0048160535117,0.00364548494,0.00782608,0.009163879598,0.009531772575,0.0056187290969,0.00538461538,0.0065217,0.005050167224,0.00187290969,0.0009698996,0.0046822,0.001204013377,0.00113712374,0.0010033444816,0.0021404682,0.00578595317,0.003377926421,0.005250836120401,0.00812709030,0.006856187,0.003946488,0.004414715,0.005016722,0.00287625418,0.001605351,0.00073578595,0.004849498,0.00301003344,0.0020401337792,0.001772575250,0.004180602,0.00357859531,0.00254180602006689,0.00488294314381271,0.00595317725,0.005351170568,0.0036454849498327,0.0030434782,0.00371237,0.004581939791,0.001705,0.00070234113,0.0043478260869565,0.0062541806,0.00511705685,0.0058528428,0.0070234113,0.00732441471,0.004448160535,0.006321070,0.00775919732,0.007123745,0.006488294,0.00401337,0.0058862876,0.0052173913,0.00331103,0.001371237458193,0.0054515050167224,0.0055852842809364,0.0023745819397993,0.0028428093645485,0.00384615384615385,0.0036120401337792,0.0031438127090301,0.0040468227424749,0.00538461538461538,0.0036120401337792,0.00274247491638796,0.00267558528428094,0.00280936454849498,0.00130434782608696,0.000468227424749164,0.000434782608695652,0.00167224080267559,0.000568561872909699,0.000668896321070234,0.000334448160535117,0.000903010033444816,0.00351170568561873,0.00180602006688963,0.00224080267558528,0.003946488294314,0.00120401337792642,0.000501672240802676,0.00040133779264214,0.00107023411371237,0.001438127090301,0.000434782608695652,0.000434782608695652,0.000936454849498328,0.000535117056856187,0.000702341137123746,0.000334448160535117,0.000969899665551839,0.00137123745819398,0.000769230769230769,0.00207357859531773,0.00150501672240803,0.00581939799331104,0.0042809364548495,0.00297658862876254,0.00568561872909699,0.00438127090301003,0.001036789297658,0.00107023411371237,0.00311036789297659,0.00391304347826087,0.00374581939799331,0.003344481,0.0055518394,0.006321070,0.00438127090,0.0056187290969,0.0083612040133,0.005551839464,0.003177257,0.0050836120,0.00408026755,0.0052842809364,0.0018394648829,0.0009698996655,0.003277591973,0.00267558528,0.00180602006,0.002173913043,0.003277591973,0.00270903010,0.002006688963,0.00568561872,0.00431438127,0.003846153846,0.003277591973,0.00270903010,0.002608695652,0.00260869565,0.0005685618729,0.0005685618729,0.002508361204,0.0006688963210,0.0005685618729,0.0004682274,0.0012374581939,0.004648829431,0.00180602006,0.005484949832,0.0054849498327,0.0033110367,0.00234113712,0.002107023411,0.0016722408026,0.002642140468,0.0010702341137,0.000635451505,0.003110367892,0.00110367892,0.00103678929,0.0005016722408,0.001839464882,0.004046822742,0.0009698996655,0.005250836120,0.004916387959,0.004214046822,0.004381270903,0.0039464882943,0.003143812709,0.003277591973,0.0015719063545,0.0007023411371,0.0034448160535,0.0045150501672,0.003779264214,0.0038127090301,0.006354515050,0.005986622073,0.00317725752,0.0067892976588,0.007458193,0.0087959866,0.00451505016,0.003444816053,0.007290969899,0.00799331103,0.003578595317,0.001638795986,0.007157190635,0.0049832775,0.0027090301003,0.001973244147,0.004615384615,0.00461538461,0.002541806020,0.00668896321,0.006956521739,0.006521739130,0.00371237458,0.00387959866,0.004247491638,0.002876254180,0.0009698996655,0.00050167224080,0.00264214046,0.0007357859531,0.0008695652173,0.0007357859531,0.0014381270,0.004816053511,0.002608695652,0.003578595317,0.007123745819,0.006521739134,0.004581939799,0.0030100334448,0.006956521739,0.005484949832,0.00314381270,0.00113712374,0.0085284280936,0.004782608695,0.003678929765,0.0018729096989,0.00819397993,0.006688963210,0.0047157190635,0.0062541806,0.011036789297,0.008662207357,0.0080602006,0.004314381270,0.008260869565,0.0061204013377,0.0026755852842,0.001304347826,0.007224080,0.006387959866,0.0056521739,0.0055183946488,0.009765886287,0.0096655518,0.005317725752,0.008595317725,0.01
)
